# PAL Reader by Dmitry Shtatnov. Version 1.2
# Please wait. Analyzing PAL...
# Analyzing inputs...
# Input 1 OK
# Input 2 OK
# Input 3 OK
# Input 4 OK
# Input 5 OK
# Input 6 OK
# Input 7 OK
# Input 8 OK
# Input 9 OK
# Input 10 OK
# Input 11 doesn't matter
# Input 12 doesn't matter
# Input 13 doesn't matter
# Input 14 doesn't matter
# Input 15 doesn't matter
# Input 16 doesn't matter
# Analyzing outputs...
# Output 8 Output
# Output 7 Output
# Output 6 Output
# Output 5 Output
# Output 4 Output
# Output 3 Output
# Output 2 Output
# Output 1 Output
# ---------------- BERKELEY OUTPUT ----------------
.i 10
.o 8
# Total inputs: 10
.ilb p11 p9 p8 p7 p6 p5 p4 p3 p2 p1
.ob p19 p18 p17 p16 p15 p14 p13 p12 
.phase 00000000
0000000000 01110111
0000000001 11110111
0000000010 11110111
0000000011 11110111
0000000100 11110111
0000000101 11110111
0000000110 11110111
0000000111 11110111
0000001000 01110111
0000001001 01110111
0000001010 01110111
0000001011 01110111
0000001100 01110111
0000001101 01110111
0000001110 01110111
0000001111 01110111
0000010000 01110110
0000010001 11110110
0000010010 11110110
0000010011 11110110
0000010100 11110110
0000010101 11110110
0000010110 11110110
0000010111 11110110
0000011000 01110110
0000011001 01110110
0000011010 01110110
0000011011 01110110
0000011100 01110110
0000011101 01110110
0000011110 01110110
0000011111 01110110
0000100000 01000001
0000100001 11000001
0000100010 11000001
0000100011 11000001
0000100100 11000001
0000100101 11000001
0000100110 11000001
0000100111 11000001
0000101000 01000001
0000101001 01000001
0000101010 01000001
0000101011 01000001
0000101100 01000001
0000101101 01000001
0000101110 01000001
0000101111 01000001
0000110000 01000000
0000110001 11000000
0000110010 11000000
0000110011 11000000
0000110100 11000000
0000110101 11000000
0000110110 11000000
0000110111 11000000
0000111000 01000000
0000111001 01000000
0000111010 01000000
0000111011 01000000
0000111100 01000000
0000111101 01000000
0000111110 01000000
0000111111 01000000
0001000000 01101110
0001000001 11101110
0001000010 11101110
0001000011 11101110
0001000100 11101110
0001000101 11101110
0001000110 11101110
0001000111 11101110
0001001000 01101110
0001001001 01101110
0001001010 01101110
0001001011 01101110
0001001100 01101110
0001001101 01101110
0001001110 01101110
0001001111 01101110
0001010000 01101110
0001010001 11101110
0001010010 11101110
0001010011 11101110
0001010100 11101110
0001010101 11101110
0001010110 11101110
0001010111 11101110
0001011000 01101110
0001011001 01101110
0001011010 01101110
0001011011 01101110
0001011100 01101110
0001011101 01101110
0001011110 01101110
0001011111 01101110
0001100000 01101011
0001100001 11101011
0001100010 11101011
0001100011 11101011
0001100100 11101011
0001100101 11101011
0001100110 11101011
0001100111 11101011
0001101000 01101011
0001101001 01101011
0001101010 01101011
0001101011 01101011
0001101100 01101011
0001101101 01101011
0001101110 01101011
0001101111 01101011
0001110000 01101010
0001110001 11101010
0001110010 11101010
0001110011 11101010
0001110100 11101010
0001110101 11101010
0001110110 11101010
0001110111 11101010
0001111000 01101010
0001111001 01101010
0001111010 01101010
0001111011 01101010
0001111100 01101010
0001111101 01101010
0001111110 01101010
0001111111 01101010
0010000000 01011001
0010000001 11011001
0010000010 11011001
0010000011 11011001
0010000100 11011001
0010000101 11011001
0010000110 11011001
0010000111 11011001
0010001000 01011001
0010001001 01011001
0010001010 01011001
0010001011 01011001
0010001100 01011001
0010001101 01011001
0010001110 01011001
0010001111 01011001
0010010000 01011000
0010010001 11011000
0010010010 11011000
0010010011 11011000
0010010100 11011000
0010010101 11011000
0010010110 11011000
0010010111 11011000
0010011000 01011000
0010011001 01011000
0010011010 01011000
0010011011 01011000
0010011100 01011000
0010011101 01011000
0010011110 01011000
0010011111 01011000
0010100000 00111011
0010100001 10111011
0010100010 10111011
0010100011 10111011
0010100100 10111011
0010100101 10111011
0010100110 10111011
0010100111 10111011
0010101000 00111011
0010101001 00111011
0010101010 00111011
0010101011 00111011
0010101100 00111011
0010101101 00111011
0010101110 00111011
0010101111 00111011
0010110000 00111010
0010110001 10111010
0010110010 10111010
0010110011 10111010
0010110100 10111010
0010110101 10111010
0010110110 10111010
0010110111 10111010
0010111000 00111010
0010111001 00111010
0010111010 00111010
0010111011 00111010
0010111100 00111010
0010111101 00111010
0010111110 00111010
0010111111 00111010
0011000000 00111111
0011000001 10111111
0011000010 10111111
0011000011 10111111
0011000100 10111111
0011000101 10111111
0011000110 10111111
0011000111 10111111
0011001000 00111111
0011001001 00111111
0011001010 00111111
0011001011 00111111
0011001100 00111111
0011001101 00111111
0011001110 00111111
0011001111 00111111
0011010000 00111110
0011010001 10111110
0011010010 10111110
0011010011 10111110
0011010100 10111110
0011010101 10111110
0011010110 10111110
0011010111 10111110
0011011000 00111110
0011011001 00111110
0011011010 00111110
0011011011 00111110
0011011100 00111110
0011011101 00111110
0011011110 00111110
0011011111 00111110
0011100000 01110001
0011100001 11110001
0011100010 11110001
0011100011 11110001
0011100100 11110001
0011100101 11110001
0011100110 11110001
0011100111 11110001
0011101000 01110001
0011101001 01110001
0011101010 01110001
0011101011 01110001
0011101100 01110001
0011101101 01110001
0011101110 01110001
0011101111 01110001
0011110000 01110000
0011110001 11110000
0011110010 11110000
0011110011 11110000
0011110100 11110000
0011110101 11110000
0011110110 11110000
0011110111 11110000
0011111000 01110000
0011111001 01110000
0011111010 01110000
0011111011 01110000
0011111100 01110000
0011111101 01110000
0011111110 01110000
0011111111 01110000
0100000000 01111111
0100000001 11111111
0100000010 11111111
0100000011 11111111
0100000100 11111111
0100000101 11111111
0100000110 11111111
0100000111 11111111
0100001000 01111111
0100001001 01111111
0100001010 01111111
0100001011 01111111
0100001100 01111111
0100001101 01111111
0100001110 01111111
0100001111 01111111
0100010000 01111110
0100010001 11111110
0100010010 11111110
0100010011 11111110
0100010100 11111110
0100010101 11111110
0100010110 11111110
0100010111 11111110
0100011000 01111110
0100011001 01111110
0100011010 01111110
0100011011 01111110
0100011100 01111110
0100011101 01111110
0100011110 01111110
0100011111 01111110
0100100000 01111011
0100100001 11111011
0100100010 11111011
0100100011 11111011
0100100100 11111011
0100100101 11111011
0100100110 11111011
0100100111 11111011
0100101000 01111011
0100101001 01111011
0100101010 01111011
0100101011 01111011
0100101100 01111011
0100101101 01111011
0100101110 01111011
0100101111 01111011
0100110000 01111010
0100110001 11111010
0100110010 11111010
0100110011 11111010
0100110100 11111010
0100110101 11111010
0100110110 11111010
0100110111 11111010
0100111000 01111010
0100111001 01111010
0100111010 01111010
0100111011 01111010
0100111100 01111010
0100111101 01111010
0100111110 01111010
0100111111 01111010
0101000000 01111101
0101000001 11111101
0101000010 11111101
0101000011 11111101
0101000100 11111101
0101000101 11111101
0101000110 11111101
0101000111 11111101
0101001000 01111101
0101001001 01111101
0101001010 01111101
0101001011 01111101
0101001100 01111101
0101001101 01111101
0101001110 01111101
0101001111 01111101
0101010000 01111100
0101010001 11111100
0101010010 11111100
0101010011 11111100
0101010100 11111100
0101010101 11111100
0101010110 11111100
0101010111 11111100
0101011000 01111100
0101011001 01111100
0101011010 01111100
0101011011 01111100
0101011100 01111100
0101011101 01111100
0101011110 01111100
0101011111 01111100
0101100000 00011111
0101100001 10011111
0101100010 10011111
0101100011 10011111
0101100100 10011111
0101100101 10011111
0101100110 10011111
0101100111 10011111
0101101000 00011111
0101101001 00011111
0101101010 00011111
0101101011 00011111
0101101100 00011111
0101101101 00011111
0101101110 00011111
0101101111 00011111
0101110000 00011110
0101110001 10011110
0101110010 10011110
0101110011 10011110
0101110100 10011110
0101110101 10011110
0101110110 10011110
0101110111 10011110
0101111000 00011110
0101111001 00011110
0101111010 00011110
0101111011 00011110
0101111100 00011110
0101111101 00011110
0101111110 00011110
0101111111 00011110
0110000000 00110110
0110000001 10110110
0110000010 10110110
0110000011 10110110
0110000100 10110110
0110000101 10110110
0110000110 10110110
0110000111 10110110
0110001000 00110110
0110001001 00110110
0110001010 00110110
0110001011 00110110
0110001100 00110110
0110001101 00110110
0110001110 00110110
0110001111 00110110
0110010000 00110110
0110010001 10110110
0110010010 10110110
0110010011 10110110
0110010100 10110110
0110010101 10110110
0110010110 10110110
0110010111 10110110
0110011000 00110110
0110011001 00110110
0110011010 00110110
0110011011 00110110
0110011100 00110110
0110011101 00110110
0110011110 00110110
0110011111 00110110
0110100000 01001111
0110100001 11001111
0110100010 11001111
0110100011 11001111
0110100100 11001111
0110100101 11001111
0110100110 11001111
0110100111 11001111
0110101000 01001111
0110101001 01001111
0110101010 01001111
0110101011 01001111
0110101100 01001111
0110101101 01001111
0110101110 01001111
0110101111 01001111
0110110000 01001110
0110110001 11001110
0110110010 11001110
0110110011 11001110
0110110100 11001110
0110110101 11001110
0110110110 11001110
0110110111 11001110
0110111000 01001110
0110111001 01001110
0110111010 01001110
0110111011 01001110
0110111100 01001110
0110111101 01001110
0110111110 01001110
0110111111 01001110
0111000000 00111110
0111000001 10111110
0111000010 10111110
0111000011 10111110
0111000100 10111110
0111000101 10111110
0111000110 10111110
0111000111 10111110
0111001000 00111110
0111001001 00111110
0111001010 00111110
0111001011 00111110
0111001100 00111110
0111001101 00111110
0111001110 00111110
0111001111 00111110
0111010000 00111110
0111010001 10111110
0111010010 10111110
0111010011 10111110
0111010100 10111110
0111010101 10111110
0111010110 10111110
0111010111 10111110
0111011000 00111110
0111011001 00111110
0111011010 00111110
0111011011 00111110
0111011100 00111110
0111011101 00111110
0111011110 00111110
0111011111 00111110
0111100000 00111100
0111100001 10111100
0111100010 10111100
0111100011 10111100
0111100100 10111100
0111100101 10111100
0111100110 10111100
0111100111 10111100
0111101000 00111100
0111101001 00111100
0111101010 00111100
0111101011 00111100
0111101100 00111100
0111101101 00111100
0111101110 00111100
0111101111 00111100
0111110000 00111100
0111110001 10111100
0111110010 10111100
0111110011 10111100
0111110100 10111100
0111110101 10111100
0111110110 10111100
0111110111 10111100
0111111000 00111100
0111111001 00111100
0111111010 00111100
0111111011 00111100
0111111100 00111100
0111111101 00111100
0111111110 00111100
0111111111 00111100
1000000000 01110111
1000000001 11110111
1000000010 11110111
1000000011 11110111
1000000100 11110111
1000000101 11110111
1000000110 11110111
1000000111 11110111
1000001000 01110111
1000001001 01110111
1000001010 01110111
1000001011 01110111
1000001100 01110111
1000001101 01110111
1000001110 01110111
1000001111 01110111
1000010000 01110111
1000010001 11110111
1000010010 11110111
1000010011 11110111
1000010100 11110111
1000010101 11110111
1000010110 11110111
1000010111 11110111
1000011000 01110111
1000011001 01110111
1000011010 01110111
1000011011 01110111
1000011100 01110111
1000011101 01110111
1000011110 01110111
1000011111 01110111
1000100000 01000001
1000100001 11000001
1000100010 11000001
1000100011 11000001
1000100100 11000001
1000100101 11000001
1000100110 11000001
1000100111 11000001
1000101000 01000001
1000101001 01000001
1000101010 01000001
1000101011 01000001
1000101100 01000001
1000101101 01000001
1000101110 01000001
1000101111 01000001
1000110000 01000001
1000110001 11000001
1000110010 11000001
1000110011 11000001
1000110100 11000001
1000110101 11000001
1000110110 11000001
1000110111 11000001
1000111000 01000001
1000111001 01000001
1000111010 01000001
1000111011 01000001
1000111100 01000001
1000111101 01000001
1000111110 01000001
1000111111 01000001
1001000000 01101110
1001000001 11101110
1001000010 11101110
1001000011 11101110
1001000100 11101110
1001000101 11101110
1001000110 11101110
1001000111 11101110
1001001000 01101110
1001001001 01101110
1001001010 01101110
1001001011 01101110
1001001100 01101110
1001001101 01101110
1001001110 01101110
1001001111 01101110
1001010000 01101111
1001010001 11101111
1001010010 11101111
1001010011 11101111
1001010100 11101111
1001010101 11101111
1001010110 11101111
1001010111 11101111
1001011000 01101111
1001011001 01101111
1001011010 01101111
1001011011 01101111
1001011100 01101111
1001011101 01101111
1001011110 01101111
1001011111 01101111
1001100000 01101011
1001100001 11101011
1001100010 11101011
1001100011 11101011
1001100100 11101011
1001100101 11101011
1001100110 11101011
1001100111 11101011
1001101000 01101011
1001101001 01101011
1001101010 01101011
1001101011 01101011
1001101100 01101011
1001101101 01101011
1001101110 01101011
1001101111 01101011
1001110000 01101011
1001110001 11101011
1001110010 11101011
1001110011 11101011
1001110100 11101011
1001110101 11101011
1001110110 11101011
1001110111 11101011
1001111000 01101011
1001111001 01101011
1001111010 01101011
1001111011 01101011
1001111100 01101011
1001111101 01101011
1001111110 01101011
1001111111 01101011
1010000000 01011001
1010000001 11011001
1010000010 11011001
1010000011 11011001
1010000100 11011001
1010000101 11011001
1010000110 11011001
1010000111 11011001
1010001000 01011001
1010001001 01011001
1010001010 01011001
1010001011 01011001
1010001100 01011001
1010001101 01011001
1010001110 01011001
1010001111 01011001
1010010000 01011001
1010010001 11011001
1010010010 11011001
1010010011 11011001
1010010100 11011001
1010010101 11011001
1010010110 11011001
1010010111 11011001
1010011000 01011001
1010011001 01011001
1010011010 01011001
1010011011 01011001
1010011100 01011001
1010011101 01011001
1010011110 01011001
1010011111 01011001
1010100000 00111011
1010100001 10111011
1010100010 10111011
1010100011 10111011
1010100100 10111011
1010100101 10111011
1010100110 10111011
1010100111 10111011
1010101000 00111011
1010101001 00111011
1010101010 00111011
1010101011 00111011
1010101100 00111011
1010101101 00111011
1010101110 00111011
1010101111 00111011
1010110000 00111011
1010110001 10111011
1010110010 10111011
1010110011 10111011
1010110100 10111011
1010110101 10111011
1010110110 10111011
1010110111 10111011
1010111000 00111011
1010111001 00111011
1010111010 00111011
1010111011 00111011
1010111100 00111011
1010111101 00111011
1010111110 00111011
1010111111 00111011
1011000000 00111111
1011000001 10111111
1011000010 10111111
1011000011 10111111
1011000100 10111111
1011000101 10111111
1011000110 10111111
1011000111 10111111
1011001000 00111111
1011001001 00111111
1011001010 00111111
1011001011 00111111
1011001100 00111111
1011001101 00111111
1011001110 00111111
1011001111 00111111
1011010000 00111111
1011010001 10111111
1011010010 10111111
1011010011 10111111
1011010100 10111111
1011010101 10111111
1011010110 10111111
1011010111 10111111
1011011000 00111111
1011011001 00111111
1011011010 00111111
1011011011 00111111
1011011100 00111111
1011011101 00111111
1011011110 00111111
1011011111 00111111
1011100000 01110001
1011100001 11110001
1011100010 11110001
1011100011 11110001
1011100100 11110001
1011100101 11110001
1011100110 11110001
1011100111 11110001
1011101000 01110001
1011101001 01110001
1011101010 01110001
1011101011 01110001
1011101100 01110001
1011101101 01110001
1011101110 01110001
1011101111 01110001
1011110000 01110001
1011110001 11110001
1011110010 11110001
1011110011 11110001
1011110100 11110001
1011110101 11110001
1011110110 11110001
1011110111 11110001
1011111000 01110001
1011111001 01110001
1011111010 01110001
1011111011 01110001
1011111100 01110001
1011111101 01110001
1011111110 01110001
1011111111 01110001
1100000000 01111111
1100000001 11111111
1100000010 11111111
1100000011 11111111
1100000100 11111111
1100000101 11111111
1100000110 11111111
1100000111 11111111
1100001000 01111111
1100001001 01111111
1100001010 01111111
1100001011 01111111
1100001100 01111111
1100001101 01111111
1100001110 01111111
1100001111 01111111
1100010000 01111111
1100010001 11111111
1100010010 11111111
1100010011 11111111
1100010100 11111111
1100010101 11111111
1100010110 11111111
1100010111 11111111
1100011000 01111111
1100011001 01111111
1100011010 01111111
1100011011 01111111
1100011100 01111111
1100011101 01111111
1100011110 01111111
1100011111 01111111
1100100000 01111011
1100100001 11111011
1100100010 11111011
1100100011 11111011
1100100100 11111011
1100100101 11111011
1100100110 11111011
1100100111 11111011
1100101000 01111011
1100101001 01111011
1100101010 01111011
1100101011 01111011
1100101100 01111011
1100101101 01111011
1100101110 01111011
1100101111 01111011
1100110000 01111011
1100110001 11111011
1100110010 11111011
1100110011 11111011
1100110100 11111011
1100110101 11111011
1100110110 11111011
1100110111 11111011
1100111000 01111011
1100111001 01111011
1100111010 01111011
1100111011 01111011
1100111100 01111011
1100111101 01111011
1100111110 01111011
1100111111 01111011
1101000000 01111101
1101000001 11111101
1101000010 11111101
1101000011 11111101
1101000100 11111101
1101000101 11111101
1101000110 11111101
1101000111 11111101
1101001000 01111101
1101001001 01111101
1101001010 01111101
1101001011 01111101
1101001100 01111101
1101001101 01111101
1101001110 01111101
1101001111 01111101
1101010000 01111101
1101010001 11111101
1101010010 11111101
1101010011 11111101
1101010100 11111101
1101010101 11111101
1101010110 11111101
1101010111 11111101
1101011000 01111101
1101011001 01111101
1101011010 01111101
1101011011 01111101
1101011100 01111101
1101011101 01111101
1101011110 01111101
1101011111 01111101
1101100000 00011111
1101100001 10011111
1101100010 10011111
1101100011 10011111
1101100100 10011111
1101100101 10011111
1101100110 10011111
1101100111 10011111
1101101000 00011111
1101101001 00011111
1101101010 00011111
1101101011 00011111
1101101100 00011111
1101101101 00011111
1101101110 00011111
1101101111 00011111
1101110000 00011111
1101110001 10011111
1101110010 10011111
1101110011 10011111
1101110100 10011111
1101110101 10011111
1101110110 10011111
1101110111 10011111
1101111000 00011111
1101111001 00011111
1101111010 00011111
1101111011 00011111
1101111100 00011111
1101111101 00011111
1101111110 00011111
1101111111 00011111
1110000000 00110110
1110000001 10110110
1110000010 10110110
1110000011 10110110
1110000100 10110110
1110000101 10110110
1110000110 10110110
1110000111 10110110
1110001000 00110110
1110001001 00110110
1110001010 00110110
1110001011 00110110
1110001100 00110110
1110001101 00110110
1110001110 00110110
1110001111 00110110
1110010000 00110111
1110010001 10110111
1110010010 10110111
1110010011 10110111
1110010100 10110111
1110010101 10110111
1110010110 10110111
1110010111 10110111
1110011000 00110111
1110011001 00110111
1110011010 00110111
1110011011 00110111
1110011100 00110111
1110011101 00110111
1110011110 00110111
1110011111 00110111
1110100000 01001111
1110100001 11001111
1110100010 11001111
1110100011 11001111
1110100100 11001111
1110100101 11001111
1110100110 11001111
1110100111 11001111
1110101000 01001111
1110101001 01001111
1110101010 01001111
1110101011 01001111
1110101100 01001111
1110101101 01001111
1110101110 01001111
1110101111 01001111
1110110000 01001111
1110110001 11001111
1110110010 11001111
1110110011 11001111
1110110100 11001111
1110110101 11001111
1110110110 11001111
1110110111 11001111
1110111000 01001111
1110111001 01001111
1110111010 01001111
1110111011 01001111
1110111100 01001111
1110111101 01001111
1110111110 01001111
1110111111 01001111
1111000000 00111110
1111000001 10111110
1111000010 10111110
1111000011 10111110
1111000100 10111110
1111000101 10111110
1111000110 10111110
1111000111 10111110
1111001000 00111110
1111001001 00111110
1111001010 00111110
1111001011 00111110
1111001100 00111110
1111001101 00111110
1111001110 00111110
1111001111 00111110
1111010000 00111111
1111010001 10111111
1111010010 10111111
1111010011 10111111
1111010100 10111111
1111010101 10111111
1111010110 10111111
1111010111 10111111
1111011000 00111111
1111011001 00111111
1111011010 00111111
1111011011 00111111
1111011100 00111111
1111011101 00111111
1111011110 00111111
1111011111 00111111
1111100000 00111100
1111100001 10111100
1111100010 10111100
1111100011 10111100
1111100100 10111100
1111100101 10111100
1111100110 10111100
1111100111 10111100
1111101000 00111100
1111101001 00111100
1111101010 00111100
1111101011 00111100
1111101100 00111100
1111101101 00111100
1111101110 00111100
1111101111 00111100
1111110000 00111101
1111110001 10111101
1111110010 10111101
1111110011 10111101
1111110100 10111101
1111110101 10111101
1111110110 10111101
1111110111 10111101
1111111000 00111101
1111111001 00111101
1111111010 00111101
1111111011 00111101
1111111100 00111101
1111111101 00111101
1111111110 00111101
1111111111 00111101
